DATA SET 1 K-MEANS
X1       X2
1 -1.256010 2.111042
2  1.409047 1.875627
[1] 16.62741
         X1       X2
1  1.409047 1.875627
2 -1.256010 2.111042
[1] 17.2654
         X1       X2
1  1.409047 1.875627
2 -1.256010 2.111042
[1] 17.2654
         X1       X2
1  1.409047 1.875627
2 -1.256010 2.111042
[1] 17.2654
         X1       X2
1 -1.256010 2.111042
2  1.409047 1.875627
[1] 16.62741


DATA SET 1 GA CLUSTERING 
[1] -0.4612914  2.1059233  1.3528082  2.2124923
[1] "Best of test 1 = 14.5075571664183"

[1] -0.5688687  2.2448101 -0.7521882  1.4055603
[1] "Best of test 2 = 14.6121399168273"

[1]  0.4547227  1.9889682 -0.9073645  1.9785081
[1] "Best of test 3 = 14.57256"

[1] 0.1002147 2.3585009 0.3141349 1.4110170
[1] "Best of test 4 = 14.8336561806237"

[1] 0.492219 1.801157 1.697558 2.134781
[1] "Best of test 5 = 14.7061105878468"




DATA SET 2 K-MEANS
           X1        X2
1 -0.03045761 0.9372107
2 -2.98048682 3.0247562
3  3.01614243 3.0531891
[1] 811.452
           X1        X2
1 -0.03045761 0.9372107
2  3.01614243 3.0531891
3 -2.98048682 3.0247562
[1] 811.452
           X1        X2
1  3.01614243 3.0531891
2 -0.03045761 0.9372107
3 -2.98048682 3.0247562
[1] 1047.035
           X1        X2
1  3.01614243 3.0531891
2 -0.03045761 0.9372107
3 -2.98048682 3.0247562
[1] 1047.035
           X1        X2
1 -0.03045761 0.9372107
2  3.01614243 3.0531891
3 -2.98048682 3.0247562
[1] 811.452


DATA SET 2 GA CLUSTERING
[1] -0.2934472  2.1522068  0.8297160  0.1317007 -0.7553832  0.2960088
[1] "Best of test 1 = 771.323665004929"

[1] -0.2321057  2.1223814 -3.5356575  2.4325700  0.1054970  0.9082464
[1] "Best of test 2 = 769.532303159394"

[1]  0.2345919  1.9841267 -3.5598963  0.2280521 -1.0421034  1.0391546
[1] "Best of test 3 = 768.510487380487"

[1] -0.06932124  1.99931643 -1.57162381  1.85956312  3.77602784  3.48043157
[1] "Best of test 4 = 765.530848693752"

[1] -0.03898421  1.94256222 -1.14718524  3.14008452  2.03547655  0.10206503
[1] "Best of test 5 = 764.650868358448"




DATA SET 3 K-MEANS
            X1          X2
1  2.135957327 -1.90939592
2 -0.004762803  0.04469934
3 -2.116644178 -2.08884667
4 -0.108220007  2.03614261
5  2.022977402  0.06470427
6  1.801497348  2.02205980
7 -2.106568353  1.89199029
8 -0.045069134 -2.11999343
9 -2.073658778 -0.07300178
[1] 1534.572
            X1          X2
1 -2.116644178 -2.08884667
2  2.136141086 -1.83384911
3  1.771761879  2.09173688
4 -2.073658778 -0.07300178
5 -2.106568353  1.89199029
6 -0.108220007  2.03614261
7 -0.004762803  0.04469934
8  2.026417449  0.22832095
9 -0.045069134 -2.11999343
[1] 1571.343
          X1          X2
1 -0.2080665  2.01762830
2 -2.1507759  1.66015891
3  2.0579638  1.50883569
4 -0.9832477 -2.22984779
5  1.7601649 -1.98528191
6  1.4360381  2.37843610
7 -0.0659178  0.04528853
8 -2.1873838 -0.73091345
9  2.0791337 -0.11484538
[1] 1302.954
            X1          X2
1  1.771761879  2.09173688
2 -2.116644178 -2.08884667
3  2.026417449  0.22832095
4  2.136141086 -1.83384911
5 -0.108220007  2.03614261
6 -0.004762803  0.04469934
7 -2.073658778 -0.07300178
8 -0.045069134 -2.11999343
9 -2.106568353  1.89199029
[1] 1497.479
           X1          X2
1 -1.92034822  2.11596293
2  1.57647501 -2.02659106
3  2.09214135 -0.07579549
4 -2.30941395  0.88091487
5 -1.26487928 -2.21993799
6  1.80135398  2.00374646
7 -0.01032827  0.07861405
8 -2.07076775 -0.67554630
9 -0.01696930  2.01161076
[1] 1540.817


DATA SET 3 GA CLUSTERING
 [1] -0.39598323 -0.18947536 -2.93787431  1.34585784 -0.56651330 -1.15686482  2.17786600 -2.88344244
 [9]  2.12775819 -0.28794177 -0.27203021  2.03260539 -0.58490826  3.03795276 -0.48315575  0.06979994
[17] -0.40551006 -1.30138239
[1] "Best of test 1 = 1044.80819118758"

 [1]  0.2422725  0.2527019  2.4997761  1.1912953 -1.8915594 -1.8507228 -2.4203409  1.6638596  2.5266330
[10]  0.8147159 -1.8435714  1.4739519  1.5184856  1.0539434  1.9862038  1.6263792  0.1209945  2.6990806
[1] "Best of test 2 = 1038.7297531761"

[1] "best of iteration 1 = 1032.05190750801"
 [1]  0.1163271 -0.1445800 -1.6458654 -2.7179119  2.3862355 -2.5887864  0.5434291  2.8987478 -1.7349661
[10]  1.2377274  1.5332957 -0.3589662 -1.8420044 -0.4502940 -0.8793784  1.6907317 -1.6366135  1.1326754
[1] "Best of test 3 = 1032.05190750801"

[1] "best of iteration 1 = 1049.99779122785"
 [1]  0.2858096 -0.1802561  0.4354711 -2.9374540  1.4241434 -1.7800621  2.4354542  3.0335053 -0.6548009
[10]  2.2642437 -2.0881790 -1.3882639  0.1600844 -1.9873975 -2.9699545  0.6167191 -2.1641578 -2.6631820
[1] "Best of test 4 = 1037.38988944175"

[1] "best of iteration 1 = 1051.04777734016"
 [1]  0.1530439  0.2440760 -2.0805100 -2.8666059  0.4232528  0.8195695 -1.8176628  0.6292918 -0.5606549
[10]  1.3082850 -0.5699781  1.1012352  0.6109159  1.8421263 -1.6427770  0.8372952 -0.3730020  1.3930480
[1] "Best of test 5 = 1035.95400457589"




DATA SET 4 K-MEANS
         X1        X2        X3        X4        X5        X6        X7        X8        X9       X10
1 0.9329405 0.9604157 0.9436933 1.0242653 1.0600807 0.9930592 0.9929401 0.9853473 0.9510523 0.9590542
2 2.0380160 0.9935254 1.0595453 0.9428717 0.9546166 0.9979453 1.0132099 0.9899112 0.9868442 0.9481421
[1] 439.576
         X1        X2        X3        X4        X5        X6       X7        X8        X9       X10
1 0.9051622 0.9594291 0.9765289 1.0090979 1.0524683 1.0117815 1.001104 0.9929563 0.9488170 0.9639568
2 2.0206221 0.9931322 1.0280773 0.9584273 0.9647877 0.9822407 1.005698 0.9834343 0.9873884 0.9444758
[1] 442.0954
         X1        X2        X3        X4        X5        X6        X7        X8        X9       X10
1 2.0380160 0.9935254 1.0595453 0.9428717 0.9546166 0.9979453 1.0132099 0.9899112 0.9868442 0.9481421
2 0.9329405 0.9604157 0.9436933 1.0242653 1.0600807 0.9930592 0.9929401 0.9853473 0.9510523 0.9590542
[1] 432.7321
         X1        X2        X3        X4        X5        X6        X7        X8        X9       X10
1 0.9329405 0.9604157 0.9436933 1.0242653 1.0600807 0.9930592 0.9929401 0.9853473 0.9510523 0.9590542
2 2.0380160 0.9935254 1.0595453 0.9428717 0.9546166 0.9979453 1.0132099 0.9899112 0.9868442 0.9481421
[1] 439.576
         X1        X2        X3        X4        X5        X6       X7        X8        X9       X10
1 0.9051622 0.9594291 0.9765289 1.0090979 1.0524683 1.0117815 1.001104 0.9929563 0.9488170 0.9639568
2 2.0206221 0.9931322 1.0280773 0.9584273 0.9647877 0.9822407 1.005698 0.9834343 0.9873884 0.9444758
[1] 442.0954


DATA SET 4 GA CLUSTERING
[1] "best of iteration 1 = 521.02747362788"
 [1] 1.6049394 1.2916922 0.9883402 1.2147598 1.1716391 1.5173953 0.9151367 1.1061122 0.9177105 1.1509627
[11] 2.5199018 1.5590705 1.3652205 0.8986492 0.6056758 0.1221538 1.1890713 0.2374237 0.3379535 0.7847219
[1] "Best of test 1 = 461.136808437931"

[1] "best of iteration 1 = 538.023830506994"
 [1] 1.2672371 1.1606102 0.9310525 1.1272510 0.7331108 0.8225394 1.2269572 1.2437946 0.4103886 0.8627430
[11] 2.1355437 0.7991229 1.5180047 0.6279428 1.4872859 1.7001844 1.3082477 1.8679162 0.7984018 0.7236316
[1] "Best of test 2 = 471.168639995641"

[1] "best of iteration 1 = 520.404617407824"
 [1] 1.1278575 1.3950514 1.2883455 1.0435126 0.7272830 1.0611418 1.2628930 0.9451302 0.8150383 0.5597870
[11] 1.6018828 1.6275850 0.8541322 0.8368647 1.4259594 0.9450921 1.8759913 0.4855423 1.1151113 1.7456433
[1] "Best of test 3 = 477.791764489501"

[1] "best of iteration 1 = 518.373721774207"
 [1] 1.6709265 0.6137679 1.2427735 1.3642477 0.9935584 1.4233196 0.9350527 1.0773253 1.1199567 0.8305434
[11] 1.7021176 0.2127690 1.3209003 0.8815480 0.1536901 1.8292866 0.6774864 0.3215108 1.5702621 0.9542808
[1] "Best of test 4 = 465.582746801147"

[1] "best of iteration 1 = 531.961863280604"
 [1] 1.4395712 0.8536579 0.6218776 1.2841508 1.1478770 0.9919933 1.3409557 0.9395535 1.0233700 1.0824624
[11] 0.5583246 1.2366585 0.4816982 1.1047370 0.3885408 1.4853526 0.8333789 1.1586493 1.4507655 0.1231607
[1] "Best of test 5 = 449.424055385742"




IRIS DATA SET K-MEANS
  SepalLengthCm SepalWidthCm PetalLengthCm PetalWidthCm
1      6.850000     3.073684      5.742105     2.071053
2      5.901613     2.748387      4.393548     1.433871
3      5.006000     3.418000      1.464000     0.244000
[1] 395.2202
  SepalLengthCm SepalWidthCm PetalLengthCm PetalWidthCm
1      5.901613     2.748387      4.393548     1.433871
2      6.850000     3.073684      5.742105     2.071053
3      5.006000     3.418000      1.464000     0.244000
[1] 286.4157
  SepalLengthCm SepalWidthCm PetalLengthCm PetalWidthCm
1      6.850000     3.073684      5.742105     2.071053
2      5.901613     2.748387      4.393548     1.433871
3      5.006000     3.418000      1.464000     0.244000
[1] 395.2202
  SepalLengthCm SepalWidthCm PetalLengthCm PetalWidthCm
1      4.709091     3.109091      1.395455    0.1909091
2      5.216129     3.538710      1.680645    0.3580645
3      6.301031     2.886598      4.958763    1.6958763
[1] 446.7909
  SepalLengthCm SepalWidthCm PetalLengthCm PetalWidthCm
1      5.006000     3.418000      1.464000     0.244000
2      6.850000     3.073684      5.742105     2.071053
3      5.901613     2.748387      4.393548     1.433871
[1] 426.8272


IRIS DATA SET GA CLUSTERING
[1] "best of iteration 1 = 311.134271851534"
 [1] 6.0360272 2.9199638 4.0639220 1.5617639 5.8592972 3.2568836 5.0784368 0.1405732 6.3802319 3.9909867
[11] 5.9782568 2.1446941
[1] "Best of test 1 = 287.498058180833"

[1] "best of iteration 1 = 317.439092048259"
 [1] 5.8751786 2.9525034 4.0908181 1.2241915 7.4708563 4.0192478 6.5161560 1.9783787 4.7307258 3.5457753
[11] 6.3126720 0.9055203
[1] "Best of test 2 = 284.658123883881"

[1] "best of iteration 1 = 291.827748848731"
 [1] 6.168157 2.699482 4.324244 1.156846 5.279211 2.159792 2.096737 1.618521 5.975718 4.298249 5.341268
[12] 1.359046
[1] "Best of test 3 = 291.827748848731"

[1] "best of iteration 1 = 300.662486872981"
 [1] 5.5863905 2.5515602 3.8976805 1.1742037 7.2223765 3.4764202 3.6648249 1.2923062 5.0481655 3.7191451
[11] 3.2864971 0.3419842
[1] "Best of test 4 = 297.111905543618"

[1] "best of iteration 1 = 295.570428627243"
 [1] 5.999231 2.928408 3.934657 1.555861 5.239265 3.217721 3.795430 1.449421 4.952614 3.247723 2.839887
[12] 1.760662
[1] "Best of test 5 = 289.586820871518"




RED WINE DATA SET K-MEANS
  fixed.acidity volatile.acidity citric.acid residual.sugar  chlorides free.sulfur.dioxide
1      8.353086        0.5172685   0.2628086       2.482562 0.08872222            18.30401
2      7.779888        0.5826816   0.2539665       2.983799 0.08778771            22.92179
3      8.057971        0.5584783   0.3249275       3.449275 0.08975362            32.28261
4      8.668500        0.5139750   0.2952500       2.511500 0.08584750             6.07500
5      8.321299        0.5256883   0.2457922       2.219870 0.08284156            11.59740
6      8.169421        0.5189050   0.2790496       2.577893 0.09492975            25.73554
  total.sulfur.dioxide   density       pH sulphates   alcohol
1             45.16049 0.9967890 3.316975 0.6736111 10.454475
2             95.64804 0.9967999 3.313575 0.6351955 10.102514
3            139.05797 0.9971477 3.234058 0.7042029  9.798551
4             15.15000 0.9965484 3.295375 0.6443750 10.723750
5             28.85455 0.9966897 3.324909 0.6494026 10.449004
6             65.22727 0.9969547 3.327479 0.6779752 10.257369
[1] 44398.92
  fixed.acidity volatile.acidity citric.acid residual.sugar  chlorides free.sulfur.dioxide
1      8.240404        0.5200505   0.2535690       2.451010 0.08861279           20.149832
2      8.753763        0.5152903   0.2975054       2.478925 0.08560430            6.486022
3      8.050000        0.5574265   0.3272059       3.457353 0.08961765           32.448529
4      8.201980        0.5255569   0.2413614       2.265223 0.08336139           12.707921
5      8.224607        0.5152618   0.2939267       2.695550 0.09900000           26.502618
6      7.777586        0.5820402   0.2513793       2.952874 0.08651724           22.879310
  total.sulfur.dioxide   density       pH sulphates   alcohol
1             49.14141 0.9967459 3.326061 0.6803704 10.424747
2             16.25161 0.9966789 3.288817 0.6456129 10.658172
3            139.35294 0.9971351 3.236176 0.7069118  9.805882
4             31.91337 0.9966333 3.334406 0.6488366 10.479744
5             68.20419 0.9970053 3.320157 0.6838220 10.249651
6             96.28736 0.9967568 3.310460 0.6281034 10.091092
[1] 46155.58
  fixed.acidity volatile.acidity citric.acid residual.sugar  chlorides free.sulfur.dioxide
1      8.668500        0.5139750   0.2952500       2.511500 0.08584750             6.07500
2      8.353086        0.5172685   0.2628086       2.482562 0.08872222            18.30401
3      7.779888        0.5826816   0.2539665       2.983799 0.08778771            22.92179
4      8.169421        0.5189050   0.2790496       2.577893 0.09492975            25.73554
5      8.321299        0.5256883   0.2457922       2.219870 0.08284156            11.59740
6      8.057971        0.5584783   0.3249275       3.449275 0.08975362            32.28261
  total.sulfur.dioxide   density       pH sulphates   alcohol
1             15.15000 0.9965484 3.295375 0.6443750 10.723750
2             45.16049 0.9967890 3.316975 0.6736111 10.454475
3             95.64804 0.9967999 3.313575 0.6351955 10.102514
4             65.22727 0.9969547 3.327479 0.6779752 10.257369
5             28.85455 0.9966897 3.324909 0.6494026 10.449004
6            139.05797 0.9971477 3.234058 0.7042029  9.798551
[1] 55532.94
  fixed.acidity volatile.acidity citric.acid residual.sugar  chlorides free.sulfur.dioxide
1      7.779888        0.5826816   0.2539665       2.983799 0.08778771            22.92179
2      8.353086        0.5172685   0.2628086       2.482562 0.08872222            18.30401
3      8.169421        0.5189050   0.2790496       2.577893 0.09492975            25.73554
4      8.321299        0.5256883   0.2457922       2.219870 0.08284156            11.59740
5      8.057971        0.5584783   0.3249275       3.449275 0.08975362            32.28261
6      8.668500        0.5139750   0.2952500       2.511500 0.08584750             6.07500
  total.sulfur.dioxide   density       pH sulphates   alcohol
1             95.64804 0.9967999 3.313575 0.6351955 10.102514
2             45.16049 0.9967890 3.316975 0.6736111 10.454475
3             65.22727 0.9969547 3.327479 0.6779752 10.257369
4             28.85455 0.9966897 3.324909 0.6494026 10.449004
5            139.05797 0.9971477 3.234058 0.7042029  9.798551
6             15.15000 0.9965484 3.295375 0.6443750 10.723750
[1] 89016.11
  fixed.acidity volatile.acidity citric.acid residual.sugar  chlorides free.sulfur.dioxide
1      8.050000        0.5574265   0.3272059       3.457353 0.08961765           32.448529
2      8.201980        0.5255569   0.2413614       2.265223 0.08336139           12.707921
3      8.753763        0.5152903   0.2975054       2.478925 0.08560430            6.486022
4      7.777586        0.5820402   0.2513793       2.952874 0.08651724           22.879310
5      8.224607        0.5152618   0.2939267       2.695550 0.09900000           26.502618
6      8.240404        0.5200505   0.2535690       2.451010 0.08861279           20.149832
  total.sulfur.dioxide   density       pH sulphates   alcohol
1            139.35294 0.9971351 3.236176 0.7069118  9.805882
2             31.91337 0.9966333 3.334406 0.6488366 10.479744
3             16.25161 0.9966789 3.288817 0.6456129 10.658172
4             96.28736 0.9967568 3.310460 0.6281034 10.091092
5             68.20419 0.9970053 3.320157 0.6838220 10.249651
6             49.14141 0.9967459 3.326061 0.6803704 10.424747
[1] 152848.3


RED WINE DATA GA CLUSTERING
[1] "best of iteration 1 = 48310.5491046335"
 [1]   8.79096115   0.27248567   0.15414192   3.40544365   0.33212116   6.21368576  42.20085135   0.99360251
 [9]   3.98033535   0.41694251  12.77143048   5.72249949   1.30745911   0.09590368  12.54781807   0.39195704
[17]  15.55023072 134.38064896   0.99314406   3.40263629   0.99396247  11.94729379   7.91335419   1.16564379
[25]   0.14351234   7.92178416   0.50591937  27.26153826 234.00940237   1.00338196   3.46276343   0.80600978
[33]  13.47557893   5.83898138   0.36206507   0.02050053   6.00181114   0.28525131  32.51441586   8.76289871
[41]   1.00230207   3.74299764   0.82132026  13.33308989   5.53894889   0.53279373   0.63973362  11.79450650
[49]   0.06391896  27.32920242 145.56008480   1.00270496   3.02315256   0.37021682  11.66187980  14.22597513
[57]   0.78874763   0.38993860  11.83674849   0.34612005  71.31709949 158.27354209   1.00226338   3.73490307
[65]   1.91179931  14.04355907
[1] "Best of test 1 = 46466.1620158263"

[1] "best of iteration 1 = 46924.1816762856"
 [1]   7.17634717   1.49651563   0.27132020   4.03470213   0.48811589  16.54820665  45.14582541   1.00325003
 [9]   3.50813052   0.46698665  11.10459564   7.38501909   1.45693312   0.93938877  10.33417152   0.22523965
[17]  57.93627044   8.87015956   0.99940770   3.52432061   1.49904961  12.77157218  12.95899441   1.22358008
[25]   0.65740999   9.61747168   0.42471641  53.74650653  69.52877074   0.99585729   2.77117897   0.40253735
[33]  11.21674693   5.70153391   0.57522180   0.08750423   6.08056885   0.38998516   5.83666798 266.75156163
[41]   0.99345414   3.06223719   1.23329096  12.15578038  11.57600959   0.56636876   0.93565172  12.52128722
[49]   0.02724248   3.43094995 277.82581344   0.99477388   2.74415892   0.46109161  11.89633263   8.93625402
[57]   1.29245002   0.86412759   9.11530405   0.27278815   8.92984158  31.21525216   0.99072622   3.46919431
[65]   0.42107636  14.36981908
[1] "Best of test 2 = 44402.0306311066"

[1] "best of iteration 1 = 49213.0747047751"
 [1]   6.05522988   1.52720638   0.59420788   3.66045130   0.50079156   6.08326098  38.18770652   0.99160432
 [9]   3.61270748   0.66973492  10.17044369   9.53533321   1.04807529   0.94708148   8.57708364   0.16223821
[17]  63.05289912 276.55866249   0.99451087   3.49656843   1.48072378  11.68535052   8.40526416   0.82723366
[25]   0.50483531  10.78470535   0.13392797  45.46475678 138.76414564   0.99592423   3.06966434   1.64680059
[33]  10.81990580   5.31473586   0.23935789   0.96357552  13.84812890   0.04120211  32.74021292  48.31958079
[41]   0.99751427   3.05844921   1.44611143  10.67643982   9.94064751   0.44797136   0.46452287   7.91612284
[49]   0.29385574  71.25049351 226.11424818   0.99802186   3.66864896   0.38497123  12.06689667   7.35441736
[57]   0.57454168   0.57920623  12.07422507   0.52936354  67.19127309  65.29639734   0.99449832   3.55257639
[65]   0.77927990  11.69212803
[1] "Best of test 3 = 45901.6177630051"

46583.6427267597