DATA SET 1 K-MEANS
X1       X2
1 -1.256010 2.111042
2  1.409047 1.875627
[1] 16.62741
         X1       X2
1  1.409047 1.875627
2 -1.256010 2.111042
[1] 17.2654
         X1       X2
1  1.409047 1.875627
2 -1.256010 2.111042
[1] 17.2654
         X1       X2
1  1.409047 1.875627
2 -1.256010 2.111042
[1] 17.2654
         X1       X2
1 -1.256010 2.111042
2  1.409047 1.875627
[1] 16.62741


DATA SET 1 GA CLUSTERING 
[1] -0.4612914  2.1059233  1.3528082  2.2124923
[1] "Best of test 1 = 14.5075571664183"

[1] -0.5688687  2.2448101 -0.7521882  1.4055603
[1] "Best of test 2 = 14.6121399168273"

[1]  0.4547227  1.9889682 -0.9073645  1.9785081
[1] "Best of test 3 = 14.57256"

[1] 0.1002147 2.3585009 0.3141349 1.4110170
[1] "Best of test 4 = 14.8336561806237"

[1] 0.492219 1.801157 1.697558 2.134781
[1] "Best of test 5 = 14.7061105878468"




DATA SET 2 K-MEANS
           X1        X2
1 -0.03045761 0.9372107
2 -2.98048682 3.0247562
3  3.01614243 3.0531891
[1] 811.452
           X1        X2
1 -0.03045761 0.9372107
2  3.01614243 3.0531891
3 -2.98048682 3.0247562
[1] 811.452
           X1        X2
1  3.01614243 3.0531891
2 -0.03045761 0.9372107
3 -2.98048682 3.0247562
[1] 1047.035
           X1        X2
1  3.01614243 3.0531891
2 -0.03045761 0.9372107
3 -2.98048682 3.0247562
[1] 1047.035
           X1        X2
1 -0.03045761 0.9372107
2  3.01614243 3.0531891
3 -2.98048682 3.0247562
[1] 811.452


DATA SET 2 GA CLUSTERING
[1] -0.2934472  2.1522068  0.8297160  0.1317007 -0.7553832  0.2960088
[1] "Best of test 1 = 771.323665004929"

[1] -0.2321057  2.1223814 -3.5356575  2.4325700  0.1054970  0.9082464
[1] "Best of test 2 = 769.532303159394"

[1]  0.2345919  1.9841267 -3.5598963  0.2280521 -1.0421034  1.0391546
[1] "Best of test 3 = 768.510487380487"

[1] -0.06932124  1.99931643 -1.57162381  1.85956312  3.77602784  3.48043157
[1] "Best of test 4 = 765.530848693752"

[1] -0.03898421  1.94256222 -1.14718524  3.14008452  2.03547655  0.10206503
[1] "Best of test 5 = 764.650868358448"




DATA SET 3 K-MEANS
            X1          X2
1  2.135957327 -1.90939592
2 -0.004762803  0.04469934
3 -2.116644178 -2.08884667
4 -0.108220007  2.03614261
5  2.022977402  0.06470427
6  1.801497348  2.02205980
7 -2.106568353  1.89199029
8 -0.045069134 -2.11999343
9 -2.073658778 -0.07300178
[1] 1534.572
            X1          X2
1 -2.116644178 -2.08884667
2  2.136141086 -1.83384911
3  1.771761879  2.09173688
4 -2.073658778 -0.07300178
5 -2.106568353  1.89199029
6 -0.108220007  2.03614261
7 -0.004762803  0.04469934
8  2.026417449  0.22832095
9 -0.045069134 -2.11999343
[1] 1571.343
          X1          X2
1 -0.2080665  2.01762830
2 -2.1507759  1.66015891
3  2.0579638  1.50883569
4 -0.9832477 -2.22984779
5  1.7601649 -1.98528191
6  1.4360381  2.37843610
7 -0.0659178  0.04528853
8 -2.1873838 -0.73091345
9  2.0791337 -0.11484538
[1] 1302.954
            X1          X2
1  1.771761879  2.09173688
2 -2.116644178 -2.08884667
3  2.026417449  0.22832095
4  2.136141086 -1.83384911
5 -0.108220007  2.03614261
6 -0.004762803  0.04469934
7 -2.073658778 -0.07300178
8 -0.045069134 -2.11999343
9 -2.106568353  1.89199029
[1] 1497.479
           X1          X2
1 -1.92034822  2.11596293
2  1.57647501 -2.02659106
3  2.09214135 -0.07579549
4 -2.30941395  0.88091487
5 -1.26487928 -2.21993799
6  1.80135398  2.00374646
7 -0.01032827  0.07861405
8 -2.07076775 -0.67554630
9 -0.01696930  2.01161076
[1] 1540.817


DATA SET 3 GA CLUSTERING
 [1] -0.39598323 -0.18947536 -2.93787431  1.34585784 -0.56651330 -1.15686482  2.17786600 -2.88344244
 [9]  2.12775819 -0.28794177 -0.27203021  2.03260539 -0.58490826  3.03795276 -0.48315575  0.06979994
[17] -0.40551006 -1.30138239
[1] "Best of test 1 = 1044.80819118758"

 [1]  0.2422725  0.2527019  2.4997761  1.1912953 -1.8915594 -1.8507228 -2.4203409  1.6638596  2.5266330
[10]  0.8147159 -1.8435714  1.4739519  1.5184856  1.0539434  1.9862038  1.6263792  0.1209945  2.6990806
[1] "Best of test 2 = 1038.7297531761"

[1] "best of iteration 1 = 1032.05190750801"
 [1]  0.1163271 -0.1445800 -1.6458654 -2.7179119  2.3862355 -2.5887864  0.5434291  2.8987478 -1.7349661
[10]  1.2377274  1.5332957 -0.3589662 -1.8420044 -0.4502940 -0.8793784  1.6907317 -1.6366135  1.1326754
[1] "Best of test 3 = 1032.05190750801"

[1] "best of iteration 1 = 1049.99779122785"
 [1]  0.2858096 -0.1802561  0.4354711 -2.9374540  1.4241434 -1.7800621  2.4354542  3.0335053 -0.6548009
[10]  2.2642437 -2.0881790 -1.3882639  0.1600844 -1.9873975 -2.9699545  0.6167191 -2.1641578 -2.6631820
[1] "Best of test 4 = 1037.38988944175"

[1] "best of iteration 1 = 1051.04777734016"
 [1]  0.1530439  0.2440760 -2.0805100 -2.8666059  0.4232528  0.8195695 -1.8176628  0.6292918 -0.5606549
[10]  1.3082850 -0.5699781  1.1012352  0.6109159  1.8421263 -1.6427770  0.8372952 -0.3730020  1.3930480
[1] "Best of test 5 = 1035.95400457589"




DATA SET 4 K-MEANS
         X1        X2        X3        X4        X5        X6        X7        X8        X9       X10
1 0.9329405 0.9604157 0.9436933 1.0242653 1.0600807 0.9930592 0.9929401 0.9853473 0.9510523 0.9590542
2 2.0380160 0.9935254 1.0595453 0.9428717 0.9546166 0.9979453 1.0132099 0.9899112 0.9868442 0.9481421
[1] 439.576
         X1        X2        X3        X4        X5        X6       X7        X8        X9       X10
1 0.9051622 0.9594291 0.9765289 1.0090979 1.0524683 1.0117815 1.001104 0.9929563 0.9488170 0.9639568
2 2.0206221 0.9931322 1.0280773 0.9584273 0.9647877 0.9822407 1.005698 0.9834343 0.9873884 0.9444758
[1] 442.0954
         X1        X2        X3        X4        X5        X6        X7        X8        X9       X10
1 2.0380160 0.9935254 1.0595453 0.9428717 0.9546166 0.9979453 1.0132099 0.9899112 0.9868442 0.9481421
2 0.9329405 0.9604157 0.9436933 1.0242653 1.0600807 0.9930592 0.9929401 0.9853473 0.9510523 0.9590542
[1] 432.7321
         X1        X2        X3        X4        X5        X6        X7        X8        X9       X10
1 0.9329405 0.9604157 0.9436933 1.0242653 1.0600807 0.9930592 0.9929401 0.9853473 0.9510523 0.9590542
2 2.0380160 0.9935254 1.0595453 0.9428717 0.9546166 0.9979453 1.0132099 0.9899112 0.9868442 0.9481421
[1] 439.576
         X1        X2        X3        X4        X5        X6       X7        X8        X9       X10
1 0.9051622 0.9594291 0.9765289 1.0090979 1.0524683 1.0117815 1.001104 0.9929563 0.9488170 0.9639568
2 2.0206221 0.9931322 1.0280773 0.9584273 0.9647877 0.9822407 1.005698 0.9834343 0.9873884 0.9444758
[1] 442.0954


DATA SET 4 GA CLUSTERING
[1] "best of iteration 1 = 521.02747362788"
 [1] 1.6049394 1.2916922 0.9883402 1.2147598 1.1716391 1.5173953 0.9151367 1.1061122 0.9177105 1.1509627
[11] 2.5199018 1.5590705 1.3652205 0.8986492 0.6056758 0.1221538 1.1890713 0.2374237 0.3379535 0.7847219
[1] "Best of test 1 = 461.136808437931"

[1] "best of iteration 1 = 538.023830506994"
 [1] 1.2672371 1.1606102 0.9310525 1.1272510 0.7331108 0.8225394 1.2269572 1.2437946 0.4103886 0.8627430
[11] 2.1355437 0.7991229 1.5180047 0.6279428 1.4872859 1.7001844 1.3082477 1.8679162 0.7984018 0.7236316
[1] "Best of test 2 = 471.168639995641"

[1] "best of iteration 1 = 520.404617407824"
 [1] 1.1278575 1.3950514 1.2883455 1.0435126 0.7272830 1.0611418 1.2628930 0.9451302 0.8150383 0.5597870
[11] 1.6018828 1.6275850 0.8541322 0.8368647 1.4259594 0.9450921 1.8759913 0.4855423 1.1151113 1.7456433
[1] "Best of test 3 = 477.791764489501"

[1] "best of iteration 1 = 518.373721774207"
 [1] 1.6709265 0.6137679 1.2427735 1.3642477 0.9935584 1.4233196 0.9350527 1.0773253 1.1199567 0.8305434
[11] 1.7021176 0.2127690 1.3209003 0.8815480 0.1536901 1.8292866 0.6774864 0.3215108 1.5702621 0.9542808
[1] "Best of test 4 = 465.582746801147"

[1] "best of iteration 1 = 531.961863280604"
 [1] 1.4395712 0.8536579 0.6218776 1.2841508 1.1478770 0.9919933 1.3409557 0.9395535 1.0233700 1.0824624
[11] 0.5583246 1.2366585 0.4816982 1.1047370 0.3885408 1.4853526 0.8333789 1.1586493 1.4507655 0.1231607
[1] "Best of test 5 = 449.424055385742"




IRIS DATA SET K-MEANS
  SepalLengthCm SepalWidthCm PetalLengthCm PetalWidthCm
1      6.850000     3.073684      5.742105     2.071053
2      5.901613     2.748387      4.393548     1.433871
3      5.006000     3.418000      1.464000     0.244000
[1] 395.2202
  SepalLengthCm SepalWidthCm PetalLengthCm PetalWidthCm
1      5.901613     2.748387      4.393548     1.433871
2      6.850000     3.073684      5.742105     2.071053
3      5.006000     3.418000      1.464000     0.244000
[1] 286.4157
  SepalLengthCm SepalWidthCm PetalLengthCm PetalWidthCm
1      6.850000     3.073684      5.742105     2.071053
2      5.901613     2.748387      4.393548     1.433871
3      5.006000     3.418000      1.464000     0.244000
[1] 395.2202
  SepalLengthCm SepalWidthCm PetalLengthCm PetalWidthCm
1      4.709091     3.109091      1.395455    0.1909091
2      5.216129     3.538710      1.680645    0.3580645
3      6.301031     2.886598      4.958763    1.6958763
[1] 446.7909
  SepalLengthCm SepalWidthCm PetalLengthCm PetalWidthCm
1      5.006000     3.418000      1.464000     0.244000
2      6.850000     3.073684      5.742105     2.071053
3      5.901613     2.748387      4.393548     1.433871
[1] 426.8272


IRIS DATA SET GA CLUSTERING
[1] "best of iteration 1 = 311.134271851534"
 [1] 6.0360272 2.9199638 4.0639220 1.5617639 5.8592972 3.2568836 5.0784368 0.1405732 6.3802319 3.9909867
[11] 5.9782568 2.1446941
[1] "Best of test 1 = 287.498058180833"

[1] "best of iteration 1 = 317.439092048259"
 [1] 5.8751786 2.9525034 4.0908181 1.2241915 7.4708563 4.0192478 6.5161560 1.9783787 4.7307258 3.5457753
[11] 6.3126720 0.9055203
[1] "Best of test 2 = 284.658123883881"

[1] "best of iteration 1 = 291.827748848731"
 [1] 6.168157 2.699482 4.324244 1.156846 5.279211 2.159792 2.096737 1.618521 5.975718 4.298249 5.341268
[12] 1.359046
[1] "Best of test 3 = 291.827748848731"

[1] "best of iteration 1 = 300.662486872981"
 [1] 5.5863905 2.5515602 3.8976805 1.1742037 7.2223765 3.4764202 3.6648249 1.2923062 5.0481655 3.7191451
[11] 3.2864971 0.3419842
[1] "Best of test 4 = 297.111905543618"

[1] "best of iteration 1 = 295.570428627243"
 [1] 5.999231 2.928408 3.934657 1.555861 5.239265 3.217721 3.795430 1.449421 4.952614 3.247723 2.839887
[12] 1.760662
[1] "Best of test 5 = 289.586820871518"




RED WINE DATA SET K-MEANS
  fixed.acidity volatile.acidity citric.acid residual.sugar  chlorides free.sulfur.dioxide
1      8.353086        0.5172685   0.2628086       2.482562 0.08872222            18.30401
2      7.779888        0.5826816   0.2539665       2.983799 0.08778771            22.92179
3      8.057971        0.5584783   0.3249275       3.449275 0.08975362            32.28261
4      8.668500        0.5139750   0.2952500       2.511500 0.08584750             6.07500
5      8.321299        0.5256883   0.2457922       2.219870 0.08284156            11.59740
6      8.169421        0.5189050   0.2790496       2.577893 0.09492975            25.73554
  total.sulfur.dioxide   density       pH sulphates   alcohol
1             45.16049 0.9967890 3.316975 0.6736111 10.454475
2             95.64804 0.9967999 3.313575 0.6351955 10.102514
3            139.05797 0.9971477 3.234058 0.7042029  9.798551
4             15.15000 0.9965484 3.295375 0.6443750 10.723750
5             28.85455 0.9966897 3.324909 0.6494026 10.449004
6             65.22727 0.9969547 3.327479 0.6779752 10.257369
[1] 44398.92
  fixed.acidity volatile.acidity citric.acid residual.sugar  chlorides free.sulfur.dioxide
1      8.240404        0.5200505   0.2535690       2.451010 0.08861279           20.149832
2      8.753763        0.5152903   0.2975054       2.478925 0.08560430            6.486022
3      8.050000        0.5574265   0.3272059       3.457353 0.08961765           32.448529
4      8.201980        0.5255569   0.2413614       2.265223 0.08336139           12.707921
5      8.224607        0.5152618   0.2939267       2.695550 0.09900000           26.502618
6      7.777586        0.5820402   0.2513793       2.952874 0.08651724           22.879310
  total.sulfur.dioxide   density       pH sulphates   alcohol
1             49.14141 0.9967459 3.326061 0.6803704 10.424747
2             16.25161 0.9966789 3.288817 0.6456129 10.658172
3            139.35294 0.9971351 3.236176 0.7069118  9.805882
4             31.91337 0.9966333 3.334406 0.6488366 10.479744
5             68.20419 0.9970053 3.320157 0.6838220 10.249651
6             96.28736 0.9967568 3.310460 0.6281034 10.091092
[1] 46155.58
  fixed.acidity volatile.acidity citric.acid residual.sugar  chlorides free.sulfur.dioxide
1      8.668500        0.5139750   0.2952500       2.511500 0.08584750             6.07500
2      8.353086        0.5172685   0.2628086       2.482562 0.08872222            18.30401
3      7.779888        0.5826816   0.2539665       2.983799 0.08778771            22.92179
4      8.169421        0.5189050   0.2790496       2.577893 0.09492975            25.73554
5      8.321299        0.5256883   0.2457922       2.219870 0.08284156            11.59740
6      8.057971        0.5584783   0.3249275       3.449275 0.08975362            32.28261
  total.sulfur.dioxide   density       pH sulphates   alcohol
1             15.15000 0.9965484 3.295375 0.6443750 10.723750
2             45.16049 0.9967890 3.316975 0.6736111 10.454475
3             95.64804 0.9967999 3.313575 0.6351955 10.102514
4             65.22727 0.9969547 3.327479 0.6779752 10.257369
5             28.85455 0.9966897 3.324909 0.6494026 10.449004
6            139.05797 0.9971477 3.234058 0.7042029  9.798551
[1] 55532.94
  fixed.acidity volatile.acidity citric.acid residual.sugar  chlorides free.sulfur.dioxide
1      7.779888        0.5826816   0.2539665       2.983799 0.08778771            22.92179
2      8.353086        0.5172685   0.2628086       2.482562 0.08872222            18.30401
3      8.169421        0.5189050   0.2790496       2.577893 0.09492975            25.73554
4      8.321299        0.5256883   0.2457922       2.219870 0.08284156            11.59740
5      8.057971        0.5584783   0.3249275       3.449275 0.08975362            32.28261
6      8.668500        0.5139750   0.2952500       2.511500 0.08584750             6.07500
  total.sulfur.dioxide   density       pH sulphates   alcohol
1             95.64804 0.9967999 3.313575 0.6351955 10.102514
2             45.16049 0.9967890 3.316975 0.6736111 10.454475
3             65.22727 0.9969547 3.327479 0.6779752 10.257369
4             28.85455 0.9966897 3.324909 0.6494026 10.449004
5            139.05797 0.9971477 3.234058 0.7042029  9.798551
6             15.15000 0.9965484 3.295375 0.6443750 10.723750
[1] 89016.11
  fixed.acidity volatile.acidity citric.acid residual.sugar  chlorides free.sulfur.dioxide
1      8.050000        0.5574265   0.3272059       3.457353 0.08961765           32.448529
2      8.201980        0.5255569   0.2413614       2.265223 0.08336139           12.707921
3      8.753763        0.5152903   0.2975054       2.478925 0.08560430            6.486022
4      7.777586        0.5820402   0.2513793       2.952874 0.08651724           22.879310
5      8.224607        0.5152618   0.2939267       2.695550 0.09900000           26.502618
6      8.240404        0.5200505   0.2535690       2.451010 0.08861279           20.149832
  total.sulfur.dioxide   density       pH sulphates   alcohol
1            139.35294 0.9971351 3.236176 0.7069118  9.805882
2             31.91337 0.9966333 3.334406 0.6488366 10.479744
3             16.25161 0.9966789 3.288817 0.6456129 10.658172
4             96.28736 0.9967568 3.310460 0.6281034 10.091092
5             68.20419 0.9970053 3.320157 0.6838220 10.249651
6             49.14141 0.9967459 3.326061 0.6803704 10.424747
[1] 152848.3


RED WINE DATA GA CLUSTERING
[1] "best of iteration 1 = 48310.5491046335"
 [1]   8.79096115   0.27248567   0.15414192   3.40544365   0.33212116   6.21368576  42.20085135   0.99360251
 [9]   3.98033535   0.41694251  12.77143048   5.72249949   1.30745911   0.09590368  12.54781807   0.39195704
[17]  15.55023072 134.38064896   0.99314406   3.40263629   0.99396247  11.94729379   7.91335419   1.16564379
[25]   0.14351234   7.92178416   0.50591937  27.26153826 234.00940237   1.00338196   3.46276343   0.80600978
[33]  13.47557893   5.83898138   0.36206507   0.02050053   6.00181114   0.28525131  32.51441586   8.76289871
[41]   1.00230207   3.74299764   0.82132026  13.33308989   5.53894889   0.53279373   0.63973362  11.79450650
[49]   0.06391896  27.32920242 145.56008480   1.00270496   3.02315256   0.37021682  11.66187980  14.22597513
[57]   0.78874763   0.38993860  11.83674849   0.34612005  71.31709949 158.27354209   1.00226338   3.73490307
[65]   1.91179931  14.04355907
[1] "Best of test 1 = 46466.1620158263"

[1] "best of iteration 1 = 46924.1816762856"
 [1]   7.17634717   1.49651563   0.27132020   4.03470213   0.48811589  16.54820665  45.14582541   1.00325003
 [9]   3.50813052   0.46698665  11.10459564   7.38501909   1.45693312   0.93938877  10.33417152   0.22523965
[17]  57.93627044   8.87015956   0.99940770   3.52432061   1.49904961  12.77157218  12.95899441   1.22358008
[25]   0.65740999   9.61747168   0.42471641  53.74650653  69.52877074   0.99585729   2.77117897   0.40253735
[33]  11.21674693   5.70153391   0.57522180   0.08750423   6.08056885   0.38998516   5.83666798 266.75156163
[41]   0.99345414   3.06223719   1.23329096  12.15578038  11.57600959   0.56636876   0.93565172  12.52128722
[49]   0.02724248   3.43094995 277.82581344   0.99477388   2.74415892   0.46109161  11.89633263   8.93625402
[57]   1.29245002   0.86412759   9.11530405   0.27278815   8.92984158  31.21525216   0.99072622   3.46919431
[65]   0.42107636  14.36981908
[1] "Best of test 2 = 44402.0306311066"

[1] "best of iteration 1 = 49213.0747047751"
 [1]   6.05522988   1.52720638   0.59420788   3.66045130   0.50079156   6.08326098  38.18770652   0.99160432
 [9]   3.61270748   0.66973492  10.17044369   9.53533321   1.04807529   0.94708148   8.57708364   0.16223821
[17]  63.05289912 276.55866249   0.99451087   3.49656843   1.48072378  11.68535052   8.40526416   0.82723366
[25]   0.50483531  10.78470535   0.13392797  45.46475678 138.76414564   0.99592423   3.06966434   1.64680059
[33]  10.81990580   5.31473586   0.23935789   0.96357552  13.84812890   0.04120211  32.74021292  48.31958079
[41]   0.99751427   3.05844921   1.44611143  10.67643982   9.94064751   0.44797136   0.46452287   7.91612284
[49]   0.29385574  71.25049351 226.11424818   0.99802186   3.66864896   0.38497123  12.06689667   7.35441736
[57]   0.57454168   0.57920623  12.07422507   0.52936354  67.19127309  65.29639734   0.99449832   3.55257639
[65]   0.77927990  11.69212803
[1] "Best of test 3 = 45901.6177630051"

[1] "best of iteration 1 = 47587.937861618"
 [1]   8.06205445   1.24850000   0.12199028   1.29995299   0.02587629  22.28448641  48.01408190   0.99052877
 [9]   3.12031918   0.58558177  10.20100509   9.25129925   0.56988014   0.12006236  10.27244411   0.12102165
[17]  50.96359072 235.07224177   0.99015439   3.96015141   0.67048552  12.23158324  14.31415498   1.41097103
[25]   0.16500061   3.49721727   0.02708818  60.99537497  65.93430265   0.99848258   3.88067612   1.64277232
[33]  11.40623568   7.84469033   1.07257455   0.73673944   3.17547949   0.57256094   8.91048708 236.28706545
[41]   0.99775448   3.79167388   1.91024769   9.93337675   9.75930473   0.18180371   0.06312098  13.47600912
[49]   0.46863129  54.33895746  52.52518956   1.00040528   2.79745115   0.49266935  10.13069571   4.82510099
[57]   0.32036033   0.92834651  13.24216008   0.15627549  40.85398992  53.01093182   0.99857007   3.36933927
[65]   0.69845063  10.54633527
[1] "Best of test 4 = 46583.6427267597"

[1] "best of iteration 1 = 47414.5434408364"
 [1]   6.03926633   0.77773860   0.64051981   7.24394594   0.10049964  18.30638842  37.31937828   1.00158277
 [9]   3.67848027   1.12850812  10.19262665  15.60808319   0.90173825   0.01808032  11.98004957   0.50010032
[17]  42.14452086 199.15175778   1.00246466   3.39696774   1.90917933  12.30340279  11.50907446   0.97133123
[25]   0.24035391   9.58889175   0.09776801   2.35900313 219.24022942   0.99934048   3.05752171   0.98231813
[33]  12.63204247   9.73461385   0.42465656   0.02164422   8.95658494   0.13157262   8.13591833  90.01728071
[41]   0.99404095   2.97728352   1.30383353  11.37439826  12.20176226   0.83544603   0.90818947   5.63192244
[49]   0.39731332  56.97222131 136.26541287   1.00057066   3.00044872   1.95854508  10.02636179  14.62995474
[57]   1.54243511   0.51419670   3.77249633   0.29963993  49.06447558 228.67431671   0.99322188   3.83655374
[65]   1.11400952   9.26644180
[1] "Best of test 5 = 44925.7838621445"




TRANSFUSION DATA SET K-MEANS
  Recency..months. Frequency..times. Monetary..c.c..blood. Time..months.
1        10.033281          3.610143              902.5357      29.00000
2         6.666667         15.786325             3946.5812      62.76923
[1] 679574.7
  Recency..months. Frequency..times. Monetary..c.c..blood. Time..months.
1        10.033281          3.610143              902.5357      29.00000
2         6.666667         15.786325             3946.5812      62.76923
[1] 679574.7
  Recency..months. Frequency..times. Monetary..c.c..blood. Time..months.
1        10.033281          3.610143              902.5357      29.00000
2         6.666667         15.786325             3946.5812      62.76923
[1] 679574.7
  Recency..months. Frequency..times. Monetary..c.c..blood. Time..months.
1         6.666667         15.786325             3946.5812      62.76923
2        10.033281          3.610143              902.5357      29.00000
[1] 2067223
  Recency..months. Frequency..times. Monetary..c.c..blood. Time..months.
1        10.033281          3.610143              902.5357      29.00000
2         6.666667         15.786325             3946.5812      62.76923
[1] 679574.7


TRANSFUSION DATA SET GA CLUSTERING
[1] "best of iteration 1 = 684859.441485643"
[1] 8.789363e-02 1.899668e+01 1.017372e+03 2.166739e+01 3.872025e+01 1.187735e+01 1.231822e+04 2.363167e+01
[1] "Best of test 1 = 678809.324373532"

[1] "best of iteration 1 = 680612.104611621"
[1]    4.151897    6.953492  887.503234   44.765795   27.662576   40.882162 4876.162115   52.762938
[1] "Best of test 2 = 680326.478471898"

[1] "best of iteration 1 = 679669.912411171"

[1]    23.359522    15.278744   966.915115    24.026743    22.723531    45.888078 10906.450401     2.367012
[1] "Best of test 3 = 678063.467221921"

[1] "best of iteration 1 = 681502.250056923"
[1]    30.898619     4.974493  1012.141775    39.675488    54.216844    24.573640 12121.919031    32.932016
[1] "Best of test 4 = 678686.550896271"

[1] "best of iteration 1 = 693341.919784"
[1]   27.545769    3.694923  724.804891   36.262159    8.056688   27.460488 9662.901950    6.093117
[1] "Best of test 5 = 691026.408378299"




LUNG CANCER DATA SET K-MEANS
          X0       X3     X0.1      X0.2       X2 X2.1     X2.2     X1.1     X1.2     X1.3      X1.4     X3.1     X2.3     X2.4
1 0.00000000 2.583333 2.000000 0.1666667 2.500000  2.0 2.916667 1.333333 1.500000 1.666667 1.0000000 2.416667 2.583333 2.500000
2 0.00000000 2.125000 2.000000 0.5000000 2.375000  2.5 2.875000 1.125000 1.500000 1.375000 1.0000000 1.750000 2.375000 2.375000
3 0.09090909 2.272727 2.272727 0.2727273 1.727273  2.0 1.545455 1.000000 1.272727 1.454545 0.7272727 1.454545 1.636364 1.818182
      X1.5     X2.5     X2.6     X0.3      X2.7     X2.8     X2.9    X2.10     X1.6    X2.11    X2.12    X2.13  X3.2    X2.14
1 1.416667 1.916667 1.833333 0.000000 0.4166667 1.666667 1.750000 1.916667 1.416667 1.666667 2.333333 2.333333 2.000 2.083333
2 1.125000 2.000000 2.000000 0.000000 0.8750000 2.000000 2.000000 1.875000 1.125000 1.750000 1.250000 2.500000 2.125 2.250000
3 1.363636 1.727273 1.818182 1.363636 1.9090909 1.636364 1.727273 1.454545 1.454545 1.727273 2.000000 2.181818 2.000 2.181818
      X1.7     X1.8     X1.9     X3.3     X3.4    X2.15    X2.16    X1.10    X2.18 X2.19    X1.11    X2.20    X2.21    X2.22
1 1.416667 2.916667 2.916667 3.000000 1.750000 1.750000 1.500000 1.500000 1.750000     2 1.333333 1.833333 2.000000 1.666667
2 1.000000 1.125000 1.125000 2.500000 1.625000 1.750000 1.750000 1.500000 2.000000     2 1.500000 1.500000 2.000000 1.750000
3 1.818182 2.636364 2.636364 2.545455 1.636364 1.363636 1.818182 2.090909 2.181818     2 2.000000 1.818182 2.181818 2.181818
     X2.23    X2.24    X2.25    X2.26    X2.27 X2.28    X2.29    X1.12    X1.13    X1.14    X2.30    X2.31
1 1.916667 1.833333 2.000000 2.000000 1.833333     2 1.916667 1.916667 1.916667 1.666667 1.583333 2.000000
2 1.750000 2.000000 2.000000 2.000000 2.000000     2 1.875000 1.750000 1.750000 1.250000 2.000000 1.875000
3 2.181818 2.000000 2.181818 2.181818 2.181818     2 2.181818 1.909091 1.909091 1.727273 1.909091 1.272727
[1] 144.0451
          X0       X3     X0.1      X0.2       X2 X2.1     X2.2     X1.1     X1.2     X1.3      X1.4     X3.1     X2.3     X2.4
1 0.00000000 2.125000 2.000000 0.5000000 2.375000  2.5 2.875000 1.125000 1.500000 1.375000 1.0000000 1.750000 2.375000 2.375000
2 0.09090909 2.272727 2.272727 0.2727273 1.727273  2.0 1.545455 1.000000 1.272727 1.454545 0.7272727 1.454545 1.636364 1.818182
3 0.00000000 2.583333 2.000000 0.1666667 2.500000  2.0 2.916667 1.333333 1.500000 1.666667 1.0000000 2.416667 2.583333 2.500000
      X1.5     X2.5     X2.6     X0.3      X2.7     X2.8     X2.9    X2.10     X1.6    X2.11    X2.12    X2.13  X3.2    X2.14
1 1.125000 2.000000 2.000000 0.000000 0.8750000 2.000000 2.000000 1.875000 1.125000 1.750000 1.250000 2.500000 2.125 2.250000
2 1.363636 1.727273 1.818182 1.363636 1.9090909 1.636364 1.727273 1.454545 1.454545 1.727273 2.000000 2.181818 2.000 2.181818
3 1.416667 1.916667 1.833333 0.000000 0.4166667 1.666667 1.750000 1.916667 1.416667 1.666667 2.333333 2.333333 2.000 2.083333
      X1.7     X1.8     X1.9     X3.3     X3.4    X2.15    X2.16    X1.10    X2.18 X2.19    X1.11    X2.20    X2.21    X2.22
1 1.000000 1.125000 1.125000 2.500000 1.625000 1.750000 1.750000 1.500000 2.000000     2 1.500000 1.500000 2.000000 1.750000
2 1.818182 2.636364 2.636364 2.545455 1.636364 1.363636 1.818182 2.090909 2.181818     2 2.000000 1.818182 2.181818 2.181818
3 1.416667 2.916667 2.916667 3.000000 1.750000 1.750000 1.500000 1.500000 1.750000     2 1.333333 1.833333 2.000000 1.666667
     X2.23    X2.24    X2.25    X2.26    X2.27 X2.28    X2.29    X1.12    X1.13    X1.14    X2.30    X2.31
1 1.750000 2.000000 2.000000 2.000000 2.000000     2 1.875000 1.750000 1.750000 1.250000 2.000000 1.875000
2 2.181818 2.000000 2.181818 2.181818 2.181818     2 2.181818 1.909091 1.909091 1.727273 1.909091 1.272727
3 1.916667 1.833333 2.000000 2.000000 1.833333     2 1.916667 1.916667 1.916667 1.666667 1.583333 2.000000
[1] 149.6805
          X0       X3     X0.1      X0.2       X2 X2.1     X2.2     X1.1     X1.2     X1.3      X1.4     X3.1     X2.3     X2.4
1 0.09090909 2.272727 2.272727 0.2727273 1.727273  2.0 1.545455 1.000000 1.272727 1.454545 0.7272727 1.454545 1.636364 1.818182
2 0.00000000 2.583333 2.000000 0.1666667 2.500000  2.0 2.916667 1.333333 1.500000 1.666667 1.0000000 2.416667 2.583333 2.500000
3 0.00000000 2.125000 2.000000 0.5000000 2.375000  2.5 2.875000 1.125000 1.500000 1.375000 1.0000000 1.750000 2.375000 2.375000
      X1.5     X2.5     X2.6     X0.3      X2.7     X2.8     X2.9    X2.10     X1.6    X2.11    X2.12    X2.13  X3.2    X2.14
1 1.363636 1.727273 1.818182 1.363636 1.9090909 1.636364 1.727273 1.454545 1.454545 1.727273 2.000000 2.181818 2.000 2.181818
2 1.416667 1.916667 1.833333 0.000000 0.4166667 1.666667 1.750000 1.916667 1.416667 1.666667 2.333333 2.333333 2.000 2.083333
3 1.125000 2.000000 2.000000 0.000000 0.8750000 2.000000 2.000000 1.875000 1.125000 1.750000 1.250000 2.500000 2.125 2.250000
      X1.7     X1.8     X1.9     X3.3     X3.4    X2.15    X2.16    X1.10    X2.18 X2.19    X1.11    X2.20    X2.21    X2.22
1 1.818182 2.636364 2.636364 2.545455 1.636364 1.363636 1.818182 2.090909 2.181818     2 2.000000 1.818182 2.181818 2.181818
2 1.416667 2.916667 2.916667 3.000000 1.750000 1.750000 1.500000 1.500000 1.750000     2 1.333333 1.833333 2.000000 1.666667
3 1.000000 1.125000 1.125000 2.500000 1.625000 1.750000 1.750000 1.500000 2.000000     2 1.500000 1.500000 2.000000 1.750000
     X2.23    X2.24    X2.25    X2.26    X2.27 X2.28    X2.29    X1.12    X1.13    X1.14    X2.30    X2.31
1 2.181818 2.000000 2.181818 2.181818 2.181818     2 2.181818 1.909091 1.909091 1.727273 1.909091 1.272727
2 1.916667 1.833333 2.000000 2.000000 1.833333     2 1.916667 1.916667 1.916667 1.666667 1.583333 2.000000
3 1.750000 2.000000 2.000000 2.000000 2.000000     2 1.875000 1.750000 1.750000 1.250000 2.000000 1.875000
[1] 149.5505
          X0       X3     X0.1      X0.2       X2 X2.1     X2.2     X1.1     X1.2     X1.3      X1.4     X3.1     X2.3     X2.4
1 0.00000000 2.125000 2.000000 0.5000000 2.375000  2.5 2.875000 1.125000 1.500000 1.375000 1.0000000 1.750000 2.375000 2.375000
2 0.09090909 2.272727 2.272727 0.2727273 1.727273  2.0 1.545455 1.000000 1.272727 1.454545 0.7272727 1.454545 1.636364 1.818182
3 0.00000000 2.583333 2.000000 0.1666667 2.500000  2.0 2.916667 1.333333 1.500000 1.666667 1.0000000 2.416667 2.583333 2.500000
      X1.5     X2.5     X2.6     X0.3      X2.7     X2.8     X2.9    X2.10     X1.6    X2.11    X2.12    X2.13  X3.2    X2.14
1 1.125000 2.000000 2.000000 0.000000 0.8750000 2.000000 2.000000 1.875000 1.125000 1.750000 1.250000 2.500000 2.125 2.250000
2 1.363636 1.727273 1.818182 1.363636 1.9090909 1.636364 1.727273 1.454545 1.454545 1.727273 2.000000 2.181818 2.000 2.181818
3 1.416667 1.916667 1.833333 0.000000 0.4166667 1.666667 1.750000 1.916667 1.416667 1.666667 2.333333 2.333333 2.000 2.083333
      X1.7     X1.8     X1.9     X3.3     X3.4    X2.15    X2.16    X1.10    X2.18 X2.19    X1.11    X2.20    X2.21    X2.22
1 1.000000 1.125000 1.125000 2.500000 1.625000 1.750000 1.750000 1.500000 2.000000     2 1.500000 1.500000 2.000000 1.750000
2 1.818182 2.636364 2.636364 2.545455 1.636364 1.363636 1.818182 2.090909 2.181818     2 2.000000 1.818182 2.181818 2.181818
3 1.416667 2.916667 2.916667 3.000000 1.750000 1.750000 1.500000 1.500000 1.750000     2 1.333333 1.833333 2.000000 1.666667
     X2.23    X2.24    X2.25    X2.26    X2.27 X2.28    X2.29    X1.12    X1.13    X1.14    X2.30    X2.31
1 1.750000 2.000000 2.000000 2.000000 2.000000     2 1.875000 1.750000 1.750000 1.250000 2.000000 1.875000
2 2.181818 2.000000 2.181818 2.181818 2.181818     2 2.181818 1.909091 1.909091 1.727273 1.909091 1.272727
3 1.916667 1.833333 2.000000 2.000000 1.833333     2 1.916667 1.916667 1.916667 1.666667 1.583333 2.000000
[1] 149.6805
          X0       X3     X0.1      X0.2       X2     X2.1     X2.2     X1.1     X1.2     X1.3      X1.4     X3.1     X2.3     X2.4
1 0.08333333 2.250000 2.083333 0.3333333 1.666667 2.000000 2.000000 1.000000 1.166667 1.500000 0.5833333 1.666667 1.750000 1.833333
2 0.00000000 2.466667 1.933333 0.3333333 2.666667 2.266667 2.933333 1.333333 1.600000 1.533333 1.0666667 2.200000 2.666667 2.600000
3 0.00000000 2.250000 2.750000 0.0000000 2.000000 2.000000 1.750000 1.000000 1.500000 1.500000 1.2500000 1.500000 1.750000 2.000000
      X1.5     X2.5     X2.6      X0.3      X2.7     X2.8     X2.9    X2.10 X1.6    X2.11    X2.12    X2.13     X3.2 X2.14     X1.7
1 1.250000 1.833333 1.833333 0.5833333 2.0000000 1.666667 1.833333 1.583333 1.00 1.666667 1.583333 2.166667 2.000000  2.25 1.250000
2 1.333333 1.933333 1.866667 0.0000000 0.1333333 1.800000 1.866667 1.933333 1.40 1.733333 2.000000 2.466667 2.066667  2.20 1.333333
3 1.500000 1.750000 2.000000 2.0000000 1.7500000 1.750000 1.500000 1.500000 2.25 1.750000 2.750000 2.250000 2.000000  1.75 2.500000
      X1.8     X1.9     X3.3     X3.4    X2.15    X2.16    X1.10    X2.18    X2.19    X1.11 X2.20 X2.21    X2.22    X2.23    X2.24
1 2.416667 2.416667 2.416667 1.500000 1.833333 1.750000 1.833333 2.083333 2.166667 1.666667   2.0  2.25 2.083333 2.166667 2.166667
2 2.266667 2.266667 3.000000 1.733333 1.600000 1.533333 1.600000 1.866667 2.000000 1.533333   1.6  2.00 1.666667 1.800000 1.866667
3 2.500000 2.500000 2.500000 2.000000 1.000000 2.000000 1.750000 2.000000 1.500000 1.750000   1.5  1.75 2.000000 2.000000 1.500000
     X2.25    X2.26    X2.27    X2.28    X2.29 X1.12 X1.13    X1.14    X2.30    X2.31
1 2.166667 2.166667 2.166667 2.166667 1.916667  2.00  2.00 1.666667 2.000000 1.500000
2 2.000000 2.000000 1.866667 2.000000 1.866667  1.80  1.80 1.533333 1.666667 1.933333
3 2.000000 2.000000 2.000000 1.500000 2.750000  1.75  1.75 1.500000 1.750000 1.500000
[1] 144.1669



LUNG CANCER DATA SET GA CLUSTERING
[1] "best of iteration 1 = 180.032532082126"
  [1] 0.1717627 1.5562972 1.7443353 0.7976096 2.8770033 2.5155062 1.9218867 2.4081512 1.4926388 1.0284540 0.2752569 2.4591029
 [13] 2.7405562 2.6534239 1.6364667 1.6986034 1.9617108 0.7733796 0.8916795 1.7298417 1.4222186 1.1569261 1.1057863 2.2262691
 [25] 1.3886294 2.3425366 1.0844466 1.9294928 2.0032017 2.3256722 2.8144518 1.9189041 2.1563802 1.0221375 1.9522423 2.5582467
 [37] 1.2445406 1.6071749 2.1131239 1.7836395 1.1288478 1.1999401 2.8925308 1.5634588 2.0469926 2.1900288 2.5475154 1.9478269
 [49] 1.5493490 2.5818678 2.0063950 1.6189997 1.2381817 1.0991451 0.1524651 1.4877836 0.1525199 0.8478551 1.6865211 2.7668175
 [61] 1.4888592 1.2846825 2.3312115 1.9677546 1.1308576 1.9513820 1.6608626 2.3699424 1.1137462 1.5874074 1.2648035 1.6565973
 [73] 1.2188846 1.7269445 1.5174553 1.8867833 2.4267707 2.6070418 1.0646928 2.4360184 2.2768156 2.6399415 2.2611767 2.7428218
 [85] 1.5495078 1.8954128 2.0912277 1.9553479 1.7858797 1.0418756 2.8240951 2.2907272 1.7867505 1.0339615 2.6949233 2.1413189
 [97] 1.0624425 2.3031747 2.4114159 2.0302853 1.8107401 1.0625398 1.6130070 2.9287505 2.0882876 1.9718341 1.3780372 1.0235810
[109] 0.4785992 1.9470552 1.4413395 0.5783915 1.5590375 2.8177847 1.2751178 1.2593910 1.8520291 1.4638054 2.8090529 2.5309246
[121] 2.4830033 2.3932449 1.9344448 1.4423007 1.9240336 0.2835287 0.1924888 1.1779220 1.8051047 1.1655736 1.3981341 2.6440750
[133] 1.9481865 2.7442975 2.4506223 2.3079053 1.7378945 2.5467583 2.7893495 2.8308651 1.5477053 1.2652752 2.5399295 1.7173294
[145] 2.9745368 1.2706462 1.8050087 1.9624741 2.5258503 2.8005887 2.9050200 2.7686664 2.8324528 2.0936440 1.3278107 2.2100757
[157] 1.1147292 1.4840525 2.7582961 1.0632792 1.6166116 1.6407111
[1] "Best of test 1 = 180.032532082126"


[1] "best of iteration 1 = 180.106157281629"
  [1] 0.7546599 1.9819716 1.0914885 0.5761981 1.4421014 1.7417048 2.5679686 1.1193341 1.2449646 1.9873147 0.2053195 1.7941062
 [13] 1.9201544 2.0012151 1.2896377 1.6413683 1.7492000 0.5391265 1.4505652 1.8147432 1.4464992 1.0164606 1.2544232 1.5419615
 [25] 1.6184972 2.5492627 1.3769154 1.3605993 1.5797362 2.0861190 1.0011632 2.7525936 2.1460216 2.5132658 1.4243920 2.4285247
 [37] 1.6630041 2.4371841 1.1802631 1.4015260 1.9532844 1.9334334 2.3864175 1.2827248 2.4220181 2.5309975 1.6225697 1.7759033
 [49] 2.1540526 1.6288511 1.1113622 1.7869969 1.9341276 1.1926523 0.8938719 1.4658404 0.7244093 0.5101989 1.8981145 2.8130127
 [61] 1.4433321 2.2554977 2.1698420 1.3638939 0.8894231 2.4380823 2.6551568 2.1411225 2.4048541 1.9478789 1.0251581 0.9831287
 [73] 1.2283658 1.5951591 1.3847686 1.8745859 1.2518875 1.4894192 1.6251408 2.7586716 2.7337088 1.2026494 1.4114098 1.3368019
 [85] 2.6818609 2.6774315 2.7059337 1.0504640 1.1644682 2.2089711 1.5976237 2.1170745 2.7774295 2.7780186 2.3875925 2.1920680
 [97] 2.8454076 1.9401311 2.3491947 2.7755926 2.2601699 1.5603835 2.4412918 2.7701619 2.2131905 1.8564248 1.1166306 1.6282406
[109] 0.5636526 1.8647003 1.8276098 0.5854082 1.7603200 2.6205063 1.9070768 2.8041524 2.7560466 2.2133746 2.9829636 2.3534833
[121] 1.6482992 1.8063668 2.7970662 1.4055835 1.5321782 0.4829137 1.9615879 1.3846177 1.2685372 1.7978507 2.6400236 1.8084960
[133] 2.4663775 2.4351569 2.7975597 1.5031433 2.8636997 2.0836833 2.1615806 2.0927064 1.6525248 2.7996451 1.5667291 2.5149942
[145] 2.8125480 2.2506388 1.3521927 1.8881525 2.2849009 1.0169734 1.1762252 2.5819706 2.0672808 2.0016449 1.7508343 1.6376131
[157] 2.7796349 1.4001044 2.3788204 1.2508462 1.5193260 1.4378474
[1] "Best of test 2 = 171.263576566415"


[1] "best of iteration 1 = 173.35078347387"
  [1] 0.1468018 2.6005226 1.9181262 0.3865969 2.5703533 1.1110494 1.7197461 1.4092326 2.5026293 1.7792322 0.4057795 2.6290419
 [13] 2.1134477 1.1052156 1.7825840 1.6974952 1.3692073 0.1179429 0.9948662 1.1638907 1.8971230 1.8601626 1.5045166 1.5991852
 [25] 2.4483326 2.8823867 1.8812893 2.1438375 2.4446698 2.8701224 2.2985634 2.5276628 2.3076372 1.9913421 1.9606861 1.7138210
 [37] 2.5726163 2.5108388 1.0201978 2.7023533 1.7521206 2.0036799 1.6881716 1.8608140 2.5006816 2.4781075 2.6603924 2.3365294
 [49] 2.1314149 1.9766363 2.5380933 1.8550580 1.4826097 1.6281958 0.7721933 2.0321522 2.8665166 0.7232803 2.3590505 2.3847107
 [61] 2.2788095 1.5884347 1.8714074 2.9191255 2.5171418 2.9124432 1.3563660 2.9318725 1.0319885 1.5745469 1.0042072 1.7944324
 [73] 1.4881119 1.7922814 1.3126413 1.9631435 1.6882299 1.1180835 1.7109041 2.0499799 2.9086322 2.2910867 2.1855144 1.5991273
 [85] 2.5487714 1.3883314 2.5584966 1.4820258 2.4709992 1.2523587 2.4587761 2.4694050 2.4303095 2.6476961 2.5956032 2.1025581
 [97] 2.5879314 1.3438788 2.6493340 2.9908119 1.9883716 2.6100238 1.2530910 1.0879533 2.8985921 1.2804510 1.5163262 1.7431485
[109] 0.5861036 2.3769051 1.3546160 0.9105268 1.7450118 1.3268867 1.2484842 1.0229362 2.0359024 2.0981171 0.2599996 2.8305093
[121] 1.1704353 1.9399610 1.0798413 1.5310073 1.0060496 1.9776885 0.6448931 1.7757204 1.7747300 1.9251458 1.3564039 1.0526767
[133] 1.9411796 2.9662463 1.3881646 1.3173730 1.8277049 2.7758011 1.9456089 1.0255629 2.2556157 2.9416100 1.2877739 1.0903339
[145] 2.9389217 1.3809517 1.7927374 2.7495748 2.0522392 1.9902182 1.7203796 2.1331040 2.0805318 2.8382876 2.2606745 2.7587337
[157] 1.2168093 2.8373242 2.1150715 1.4560751 1.1506400 1.4012632
[1] "Best of test 3 = 173.35078347387"


[1] "best of iteration 1 = 182.305676511706"
  [1] 0.71408479 2.08981444 0.78276212 0.20564287 1.28000151 1.86962949 2.80759361 1.60492948 2.30846536 1.34436113 0.78708423
 [12] 1.65507579 1.85982850 2.36344930 1.57490935 1.49647220 1.89478492 1.03039012 1.67246804 1.39259503 1.81357540 1.43354316
 [23] 2.31968838 1.51810756 1.78676118 2.57861347 2.48207152 2.67350408 1.02842899 2.56651760 1.67525875 2.01952716 1.46900569
 [34] 1.66355022 1.02761199 2.41479647 1.96367090 2.53756634 1.02925871 1.38005492 1.69849478 1.98699896 1.66682360 2.02833449
 [45] 2.22010749 2.21416221 2.73180251 2.67819101 1.47091496 2.28123041 2.02056844 1.32740597 1.73702420 1.01079599 0.69290595
 [56] 1.01307927 0.94513106 0.71550709 2.04933049 2.56275655 1.26453476 2.97726348 1.89023799 2.38519395 2.30307963 1.26207951
 [67] 1.47717967 1.84446099 2.45177790 1.32923716 1.27449561 1.69572356 1.90548429 1.72622810 1.08007993 1.43368990 1.41510980
 [78] 2.05831928 2.05025189 2.42777906 1.24588397 2.60851360 1.36067428 1.96323336 2.91732130 1.73888888 1.45218796 2.68741917
 [89] 1.54660024 1.04668183 1.54581197 2.72139349 1.31789602 2.32603398 2.52204795 1.96313883 2.34150659 2.40249178 2.80592915
[100] 2.11168378 1.68464034 1.31607002 2.00577900 1.09071355 2.53026504 1.46978660 1.54271338 1.44294437 0.82236655 1.82071762
[111] 1.11979862 0.67190525 2.04594472 2.98764665 2.83012880 2.38165745 2.25087246 1.13887461 0.49457466 1.79521824 2.00712914
[122] 1.95471744 2.69325701 1.28249874 1.86058444 1.76508346 0.03413501 1.77535504 1.33244778 1.85455198 1.55582819 2.92505345
[133] 2.78483336 2.80331778 1.23580968 1.30563361 1.14685465 1.90243244 1.13031554 1.31360427 1.59153976 1.78038454 1.03160290
[144] 2.29663725 2.93551740 1.89764517 2.02829405 2.29980475 1.83142537 2.77940952 1.40089878 2.49950853 2.09273441 2.23287001
[155] 1.40003088 1.12888003 2.58250792 1.69830997 2.47648602 1.55217090 1.51735148 1.70572483
